    120.80     147.31
    423.29      78.22
    293.80      98.75
    405.78      88.83
    243.78      78.05
    185.06     247.14
    455.27     134.47
    446.86     112.12
    316.82     286.61
    167.75      54.47
    252.71     284.78
    427.45      22.47
     56.24     320.60
      9.02     360.79
     53.15     242.77
    129.04     339.16
    448.65     380.55
    360.85     454.04
    464.48     190.39
    450.13     389.99
    163.82      99.13
    497.79      82.74
    354.75     252.01
    468.31     358.87
     54.83     106.58
    280.80     353.45
     41.42     256.49
    100.11     138.92
    320.20     225.48
     22.34     234.96
     41.18      21.45
     82.12     200.42
    345.23     268.52
    344.24     138.05
    234.30     140.09
    226.42     467.70
     45.75     228.31
    472.95     428.22
     62.69       9.55
    119.17     433.49
    220.10     385.35
    437.32     190.02
    472.30     399.75
    419.72     473.46
    294.06     300.58
    161.38     212.03
    452.29      81.33
    417.99     366.64
    247.19     108.03
     62.08      26.56
    214.45     164.58
     54.57     215.89
    312.52     310.30
    390.55     245.30
    494.80     463.11
    321.98     374.31
    478.39     259.19
    112.65     151.57
    405.56       5.66
    142.08     459.79
    185.27     205.11
    437.57     476.25
    495.20      77.33
    275.25     120.47
    386.49     230.74
    366.28     100.58
    238.17     462.09
    429.79     473.03
    201.34     174.29
    102.51     162.70
    169.75     286.42
    219.91     437.51
    322.86     260.18
    447.70     420.00
    319.75     239.47
    212.93       7.00
    305.08     463.95
    175.98     128.28
    207.11     125.10
    489.24     236.43
    341.97     401.54
    425.60     140.05
    302.13     354.20
     70.08     380.10
    190.40      80.95
    323.75     318.55
    281.66     103.64
    475.45     453.85
    213.04     323.19
    472.25     377.81
    380.97      23.06
    480.34     165.62
    368.22     305.79
    282.04     277.24
    352.07     127.32
    245.29     131.78
    360.02     226.30
    324.39      62.56
     24.65     451.93
    424.97     126.31
    298.10     398.12
     60.82     228.06
     14.48     231.88
    169.39     489.75
    249.93     197.63
    117.63     434.88
    174.36     384.79
    389.29     194.37
    158.32     331.80
    457.58     164.69
    287.29     276.54
     12.97     352.43
    253.98     179.58
    317.13     119.26
    470.96      41.04
    418.64     109.04
    187.50      11.24
    327.29     108.95
    210.09     185.55
    139.39     349.94
    173.12     145.38
     23.18     401.66
    422.21     402.56
     68.17     433.90
    239.68      21.72
    296.46     148.53
    273.35      18.64
    147.92       7.94
    231.74      56.13
    116.19     138.34
     90.27      15.24
    139.05     434.65
    332.77     391.09
    119.15     131.12
    360.51      29.90
     19.66     267.08
    462.21      79.84
     14.73     186.59
     71.38     458.17
    152.54     308.36
    140.16      97.74
    259.93      47.23
    321.26     331.73
    184.16     435.64
    115.22     429.85
     49.11      20.07
     58.61     474.76
     83.80     268.80
    277.54     104.83
    211.28     418.87
    104.42     241.31
     91.25     261.87
    404.74     425.43
    327.09     249.30
    151.86     217.53
    151.42     388.61
    407.83     204.30
    350.33     123.68
    139.82     285.24
    290.68      22.43
     76.06     189.75
    325.59     413.36
    426.10      65.15
    497.30     330.07
    221.16     337.80
    466.43     326.94
    354.34     371.50
    138.58     100.79
    178.14     190.37
    374.46     443.34
    401.51      54.04
    359.90     497.57
     95.31     352.75
    397.47     218.73
     50.46     232.13
    167.77     280.49
    210.34     256.96
    274.53     330.64
    305.40     386.70
    155.50     430.54
     35.37     244.15
    163.02     264.94
      6.25      95.00
    354.37     259.11
    184.54      11.62
    258.42     407.78
    125.30     274.23
    162.84      70.67
    272.46     122.79
    243.97     381.29
    166.53     454.72
    474.64      50.70
    237.96      63.54
    474.40     400.50
    463.15     460.45
    290.52      11.68
    346.98     313.41
    140.35     492.19
    363.69     499.77
    100.56     276.20
    464.07     338.53
    281.86     183.37
    234.91      94.81
     92.38     185.19
     37.94     432.91
    151.64     199.61
    429.23      97.00
    374.99      85.33
    339.79     114.31
    442.46     247.86
    134.56     287.55
    218.09     250.96
    492.60     155.62
    418.06     421.81
     16.81     368.67
    127.78     309.82
    318.94      77.36
    482.64     107.94
    379.67      42.51
    110.68     380.64
      3.44     244.91
    126.20     290.23
    244.95     219.59
    267.80       5.75
     66.80      41.20
    439.21     402.36
    362.81     153.33
    162.51       9.50
    320.41     458.26
    450.45     314.14
    313.91     411.98
    188.18     152.25
    488.28     270.14
    451.01     185.92
    278.23     368.11
     53.30      88.74
     21.64     170.79
    367.90     297.13
    391.63     266.62
    349.45     189.24
    301.05     243.51
    488.86     123.42
    408.47     126.56
    375.01     367.62
     23.24     438.80
    360.61     374.92
    243.60     368.88
    178.70     495.14
     72.51      55.15
    160.59      40.26
     80.27     188.44
     69.09      70.02
    312.43     436.13
    226.36     468.81
    188.41     453.71
    456.96      23.76
     62.46     499.17
    401.53     264.34
    415.17      77.68
     84.68     402.59
    360.85     311.30
    125.45     436.86
    348.84      37.02
    186.78     175.06
    442.70     393.71
     79.63     355.36
    223.47     274.27
    360.51     379.66
     50.44     415.84
    212.97     104.60
    368.72     218.17
    404.91     205.96
    446.96     435.82
     59.24     465.20
     91.76     464.27
    331.89     352.63
    291.43     152.05
     26.97     268.07
    136.95     313.14
    308.29     378.29
    430.94      91.53
    129.29     207.05
    393.00     459.58
     29.61     339.53
    275.66     499.53
    468.34     156.75
    110.46      67.42
     88.68     148.64
    147.82      49.34
    311.18     226.35
    301.54     383.71
    286.30     147.15
    455.96      81.41
     18.27     364.61
    399.13      85.91
    258.47     201.17
     94.88     172.01
     27.37     248.34
     22.61     380.62
    260.28     308.22
    224.06     434.53
     39.13     405.35
    123.51      28.42
    231.88     178.84
    114.66     171.39
    136.60     225.86
    190.13      22.02
    372.15     163.58
    313.13     337.60
    105.67     240.12
     53.26     359.05
    237.34     168.28
    257.30     384.09
     91.14     481.64
    441.23     468.33
    307.87      83.53
     83.06      51.40
    205.65     313.61
    378.53     464.70
    113.35     258.66
    305.51     116.69
    340.54     142.08
     25.79     309.60
    454.25     410.21
    489.12       7.39
    369.50     268.63
    352.04     110.51
    309.18     401.55
     73.56      98.43
    344.26     364.38
    245.00       5.28
    311.00      35.06
    467.08       6.21
    409.06      32.57
     58.49     287.87
    464.20      78.86
    247.76     381.85
    107.71     295.35
    314.87     187.02
    348.10     161.23
    496.33     102.00
    339.62     390.38
    249.43     484.27
    152.54     407.35
    291.44     380.08
    361.72     302.95
    271.28      79.15
    160.18     240.74
    289.64     492.80
    306.40     184.93
    149.63     260.48
     19.15     322.15
    436.34     276.89
    416.46     439.75
    249.35     203.60
    113.81     102.92
    107.81     474.80
    243.43      95.47
    203.48      12.66
    411.72     482.77
     81.20     422.96
    287.34      32.34
     35.12     343.62
    376.18     343.26
    346.97     256.03
    286.10     342.09
    129.96      94.16
    170.52     415.78
    297.64     402.85
    198.19      13.06
    197.58      45.68
    204.41     200.74
    300.25     139.87
     30.25     277.18
    261.45     411.49
    318.84     110.27
    487.85     349.58
    152.53     421.31
    497.96     158.14
    396.38     186.02
    178.82     482.72
    167.65     314.78
     75.27      91.91
    411.57     347.91
    124.79      41.26
    478.51     227.86
    428.96      42.77
    143.19     248.50
    223.30     464.23
     59.71     260.69
    270.85     182.57
    165.34     244.05
    167.01     451.85
    481.69      16.81
    357.93     234.10
     77.36     421.84
    177.86     461.46
    303.55     431.01
     25.17     193.19
    108.97     404.11
    306.96       5.15
     15.72     210.79
    253.97     455.88
    156.62     454.36
     94.23     121.98
    396.66     158.10
     69.59     385.93
    493.70     481.56
    331.13     481.16
    402.47     400.43
     58.56     452.44
    138.47     314.78
    297.50     462.65
    277.44     350.21
    439.62     351.18
    199.09     321.39
    360.14     338.65
     66.51     492.97
     35.73     176.42
    422.42     145.72
    109.95     167.16
    425.35     196.21
    376.28      41.62
    283.17     447.68
    399.53     381.22
    395.54     253.47
    485.07      62.44
    481.77     159.63
    121.09     422.14
    353.15     375.82
     69.01     175.49
     79.60     384.06
    386.71     399.93
    110.72     362.19
    318.06     472.18
    426.55      20.78
    140.26      36.91
    192.51     259.60
    145.53     139.23
    120.79     449.42
    430.58     333.05
    233.48     289.54
    241.98     377.95
    192.73     487.73
    450.39     227.83
     78.03      17.65
    366.34      65.43
    384.32     244.46
     83.11     147.12
    140.09     173.32
    347.25     269.66
    412.88      22.83
    187.50     112.85
    306.56     182.84
    221.96       5.13
    450.31     349.84
    231.06     126.60
    377.57     362.64
    422.58     404.35
     63.98     182.58
    104.72     455.37
    331.19     397.71
     73.20     150.29
     34.35     418.56
    318.49     426.71
    288.90     106.96
     79.15       5.69
     23.97     161.73
    196.14     386.16
    145.76     288.79
    425.53      46.32
    493.24     423.83
    256.88     487.85
    277.39      19.37
    394.82      87.55
     75.29      25.68
    251.00     326.54
    341.69     208.03
    270.96     155.28
    397.24     477.85
    124.97     262.56
    433.39     280.63
     50.30     460.68
    481.01     168.51
    278.86      85.42
    265.75     485.21
    487.84     438.15
    287.99      19.05
    143.16      20.72
    380.86     303.44
    207.79     269.27
    449.35      54.08
      9.45     338.15
    235.85     306.55
    454.34     486.19
    404.76     223.25
    149.96     436.36
     43.32     119.97
    123.16     144.63
    303.86     497.50
    383.66      29.42
    315.71     241.24
    285.06     278.30
    202.13     456.50
    444.36     221.75
    238.62     133.44
    218.49     291.28
    314.46      65.46
    389.50     231.19
    436.72     207.68
    360.45     257.69
    235.54     358.01
    120.57      53.95
    332.08     379.88
    340.56     321.58
    487.59     266.44
    349.36     115.11
    100.32      88.17
     26.32     311.80
    328.36     469.01
    487.24     368.10
    171.54     376.83
    146.11      95.46
    147.04     153.99
    489.63     225.48
     32.03     483.88
    470.07     374.83
     98.07     245.53
    181.89     222.71
    340.18     460.84
    105.48     406.84
    404.35     288.01
    314.93     130.64
    369.38     154.44
    430.25     132.38
     88.88      33.24
    252.48     488.60
    122.04     338.04
    129.32     441.27
      6.73     393.72
    124.91      61.63
    266.80     127.25
    382.44     117.98
    473.49      94.05
    145.50     475.09
    354.97     195.53
     17.10       4.69
    268.63     117.99
    230.61     328.43
    414.10     437.91
    249.72      78.07
     47.09      34.32
    399.93      71.47
    445.80      91.90
    184.86     329.40
    480.88     470.52
    196.00     225.53
    209.41     179.48
     54.30     149.88
    392.91      74.80
    295.01     135.20
     96.04     199.02
    105.86      10.21
    295.71     110.64
    238.78     108.16
    260.11     190.36
    320.23     406.61
    437.35     189.83
    178.43     297.98
    136.01     262.83
    204.10     208.33
    102.05     224.46
    283.59      50.39
    175.14      57.58
    173.06     146.55
    238.10     381.10
    356.19     211.16
    404.19     418.79
    420.98     189.61
    305.11      35.71
    361.64     275.74
    213.65     460.87
     38.94      83.53
    115.35      15.28
     84.25      30.04
    119.45     301.81
    131.21     112.09
     82.61     276.11
    499.14     208.55
    385.53     437.33
     87.21     477.62
     52.42     344.93
    477.63      73.67
    270.19     373.55
    381.26     176.97
    285.11      23.89
    129.56     387.17
     77.52     395.26
    301.87     239.22
    426.56     104.99
    400.46      36.47
    296.80     498.40
    206.72     306.27
     30.73     311.82
    359.70      34.84
     89.92     260.48
    404.53     142.63
     23.73     377.42
     88.57     490.26
    409.05     330.03
     19.64     322.25
    355.47     217.11
    490.35     204.00
    164.87     201.32
    282.35     395.20
    407.98     489.72
     19.77     136.72
    436.03      67.24
    176.83     256.94
     33.05      32.19
    238.25     123.78
     61.11     145.82
    123.44     173.35
     18.29     493.42
     67.09     334.79
    208.34      89.60
    264.07      49.18
     70.57     197.63
     84.80     159.82
     55.08     354.45
     93.68      20.23
    122.72      23.18
     57.16     351.46
    349.85      56.57
    360.34     388.57
    200.39      60.09
     92.43     179.85
    437.84     342.37
    482.49       6.22
    381.14     467.21
    457.47     366.52
    196.55     213.70
     35.95     388.91
    106.02      96.38
    297.88     460.25
    161.57     441.41
    336.61     244.59
    234.31     251.58
    385.80     321.83
    386.56      63.40
    317.84     348.39
    378.08     116.33
    237.60     296.21
    439.53      62.97
    233.82     249.61
    243.03     307.62
    142.41     348.25
    435.34     199.41
    246.10     314.17
     11.80      94.10
    251.43     304.01
    158.46     249.64
    267.37     387.59
    408.27     462.93
    314.39     164.24
    218.31      78.66
    464.73     165.12
    222.71     312.64
    489.99     427.83
    270.19     252.69
    256.41     137.55
    104.76      62.23
    426.25     122.81
    334.00     367.45
    256.37     359.89
    453.76     251.64
    211.90     370.97
    312.38     148.99
    391.08     125.40
    374.48     260.28
     82.11     466.17
     29.57     344.90
    193.29      71.37
    185.20     420.30
    216.52     156.05
    216.51     447.83
    197.44     437.97
    245.60     385.51
    233.75     169.10
    366.01     112.11
    423.78     433.08
     27.19     276.11
     80.12     236.08
    483.22     250.59
    138.18      46.45
      9.38     321.26
    483.00     201.31
    277.47     242.20
    404.82     127.53
    437.66     427.66
    355.49     125.68
    375.87     132.28
    267.32     369.58
    429.31     355.57
    475.87     309.88
    177.33     431.19
    291.08     244.85
    493.99     205.89
     76.86     386.74
     35.73     424.31
     49.71     421.69
    181.97     261.58
    227.75     254.82
     99.72     290.51
    359.39      44.59
    462.39     178.90
    332.45      48.96
    494.30     191.74
    129.72     372.81
    258.32     489.57
    158.67      24.68
    134.29      58.07
    488.65      15.84
    289.45     367.07
    103.15      86.37
    334.45     470.13
     16.58      23.46
    342.22     325.22
     26.54     301.51
     43.71     446.02
     73.55      11.21
    436.37     291.86
    415.04     290.91
    420.68     188.01
     57.59     484.40
    339.96     315.83
    125.71     300.54
    231.73      22.81
    265.16     259.15
    462.54      39.40
    423.64     456.86
    381.18     428.39
    350.08      32.06
    291.14      18.89
    271.21     368.43
    158.94      18.33
     60.42      22.80
    199.21      31.66
     78.12      72.42
    261.66     388.87
    261.69      20.01
      9.58     165.74
    187.92     319.71
    375.28     363.93
    377.26     166.71
     33.78     134.43
    218.29      52.75
     22.88      36.96
     57.91     397.63
    222.86     246.89
     48.40      89.61
     35.63     106.68
    115.39      51.76
    341.12     256.16
     47.07     465.25
    153.26     208.35
    192.74      32.70
    346.04     469.25
    269.79     499.02
     21.83     284.50
     43.65       6.19
     43.09     464.23
    421.09     302.27
    230.66      80.74
    110.30     398.93
    415.32     186.53
     54.96     211.41
    227.24     285.15
    305.45       4.66
     33.82     109.44
    179.36     438.52
    327.39      89.08
    106.59     113.66
    276.91     462.33
    282.04     157.32
     21.24     396.01
     62.72      94.00
    225.93     441.72
    491.97      14.85
     49.30     104.72
    499.85     222.71
    467.10      15.50
    102.61     135.74
    239.92     352.81
    402.07     243.19
    496.85      43.92
      9.17     159.93
    365.77      58.52
     88.72     432.26
    401.51     171.30
    170.32     189.65
    471.65      15.30
     19.00      59.59
     23.82     442.41
    244.68     472.84
     53.59     161.38
     60.32     473.14
    159.67     212.13
    421.03     148.27
    430.92     236.37
    238.53     269.85
    376.80      56.16
    492.18     319.57
    406.15      12.74
    123.90     398.31
    360.64     142.68
    297.49     316.24
    212.24     272.46
    363.96      89.88
     31.60      23.57
     35.92      82.73
    184.94     184.79
    405.00     372.10
    385.11     485.22
    120.96     358.38
    211.19     113.26
    353.95     350.80
    392.22     398.89
     58.82     422.09
    478.11      66.83
    496.59     398.10
     69.39     237.21
    424.36     396.01
    408.81     425.31
    482.40       6.22
    446.13     190.81
    163.66     214.74
    373.63     431.44
    404.58      64.25
    273.87     194.91
    340.68     271.60
      7.97     244.01
     13.86     388.16
    441.81     433.99
    253.56     159.71
    169.95     291.36
    189.67      50.30
    190.48     485.48
    301.71      13.95
    283.91     147.87
    235.25     264.36
    285.43     318.85
    399.08      84.02
    266.32     171.32
     43.42     426.03
    411.25      32.21
    388.09      99.28
    210.04      63.99
    412.29     304.51
    203.40     259.71
    181.81     159.91
    224.24     220.83
    118.93     185.82
    420.53     344.90
    240.91     149.73
     75.04      57.43
     61.15       7.28
    195.60     356.75
     71.50     442.62
    374.06     278.64
    340.39     114.27
    306.67     147.35
    416.45     421.92
    165.92     177.28
     65.44       7.25
    438.74     192.30
    349.51      19.47
    308.32     495.49
     45.79     233.78
    219.25      20.97
     32.42     313.83
    459.20     194.46
    456.32     241.75
     60.60     457.18
     41.21     305.02
    473.84      17.27
    440.80     352.04
    381.75     269.84
    366.62      76.65
    138.14      50.43
    352.44      55.84
    313.05     492.36
    152.27     374.02
     94.85     211.27
    394.60     315.13
    160.03     398.44
     48.17     120.70
    175.64     234.29
    239.07     432.17
    288.92     357.92
    300.54     174.61
    450.75     291.14
    402.91     209.58
    354.43     270.88
    192.80     356.22
     33.51      96.45
    101.20      39.94
    229.74      79.25
     96.22     402.04
    397.53     440.83
    174.60     391.36
    409.82     439.74
    253.57     212.78
    404.73     361.05
    102.80     160.90
    118.08     156.79
    459.31     433.15
    447.92     388.71
    240.76     122.51
    389.85     256.47
    330.62     466.26
     16.69     366.63
    419.97     233.02
    225.38     375.15
    249.17     341.52
     52.79     444.89
    260.02     417.55
    316.00     361.67
    479.87     155.51
    387.30     126.37
     58.53     344.95
    202.87       3.41
    175.52     126.27
    414.91     317.82
     27.40     379.33
    150.21     340.51
    196.73     227.74
    321.69     420.38
    457.82     187.57
    264.32     358.04
    260.08     157.62
     98.44     270.55
    161.91      71.73
     11.47     262.55
    472.82     377.56
    238.61     338.90
    497.30     115.39
    269.67     228.98
    162.13     110.05
    496.27     237.02
    357.03     246.88
      3.35     331.47
    297.73     311.93
    178.56      98.54
    329.06      54.44
    427.10     176.27
     17.78      68.08
     12.96     270.48
    188.04       4.03
    363.20     343.07
    496.08     383.37
      9.74      65.77
    408.23     111.10
    112.02     285.04
    408.81     323.72
    141.53     166.43
     45.76     193.46
     33.97     228.20
    453.44     275.12
    195.51     153.33
    338.40     102.72
    458.26     218.34
    373.46     469.40
    239.95     399.36
    468.58     477.56
    240.10     212.92
     90.48     326.59
    165.49     162.80
    275.68      45.35
    271.84     431.47
     41.52      37.79
    272.31     129.35
    373.73     374.59
    206.06       3.79
    313.22     489.29
     87.82     414.38
    466.32     393.42
     69.69      84.97
    150.55     161.01
    429.00     117.03
    118.57     479.26
    322.33     318.41
    201.78     209.02
    272.29     180.52
    289.12     398.64
    183.68      92.49
    413.70      55.24
    219.17     262.42
    453.39     484.86
    213.06     166.50
